0
       -2.36220         0.00000         2.96370
       -2.36220         0.21418         3.02179
       -2.36220         0.37714         3.06742
       -2.36220         0.52380         3.11718
       -2.36220         0.61341         3.16690
       -2.36220         0.69894         3.23732
       -2.36220         0.76001         3.32842
       -2.36220         0.76813         3.36982

       -1.18110         0.00000         2.69465
       -1.18110         0.15711         2.72184
       -1.18110         0.30806         2.75279
       -1.18110         0.47509         2.79842
       -1.18110         0.70729         2.88963
       -1.18110         0.87022         2.99735
       -1.18110         0.96795         3.09675
       -1.18110         1.03308         3.20027
       -1.18110         1.06561         3.32033

        0.00000         0.00000         2.26830
        0.00000         0.34904         2.35131
        0.00000         0.63421         2.44254
        0.00000         0.83382         2.53373
        0.00000         1.06191         2.69116
        0.00000         1.18814         2.82369
        0.00000         1.27769         2.98931
        0.00000         1.31836         3.11352
        0.00000         1.32234         3.27909

        1.18110         0.04005         1.18799
        1.18110         0.04810         1.36184
        1.18110         0.07243         1.56054
        1.18110         0.15788         1.75514
        1.18110         0.30041         1.90424
        1.18110         0.44297         1.99125
        1.18110         0.67109         2.09073
        1.18110         0.95216         2.22335
        1.18110         1.16397         2.34766
        1.18110         1.37167         2.53819
        1.18110         1.51006         2.78249
        1.18110         1.55883         3.00604
        1.18110         1.55053         3.26681

        2.36220         0.04000         0.04970
        2.36220         0.04465         0.28564
        2.36220         0.06038         0.59217
        2.36220         0.09724         0.94381
        2.36220         0.15411         1.22945
        2.36220         0.23550         1.41577
        2.36220         0.34136         1.54415
        2.36220         0.51650         1.66843
        2.36220         0.66721         1.75545
        2.36220         0.94420         1.90463
        2.36220         1.24156         2.07038
        2.36220         1.46556         2.24022
        2.36220         1.64471         2.46799
        2.36220         1.73419         2.74537
        2.36220         1.74631         2.93165
        2.36220         1.72574         3.26691

        3.54330         0.00000         0.05381
        3.54330         0.03664         0.05797
        3.54330         0.08551         0.09112
        3.54330         0.11401         0.14494
        3.54330         0.13024         0.24843
        3.54330         0.13822         0.54233
        3.54330         0.15437         0.79483
        3.54330         0.19500         1.00182
        3.54330         0.30080         1.23368
        3.54330         0.44740         1.38692
        3.54330         0.64813         1.52629
        3.54330         0.92803         1.68524
        3.54330         1.22131         1.85099
        3.54330         1.53900         2.07884
        3.54330         1.76701         2.37286
        3.54330         1.87272         2.77029
        3.54330         1.86438         3.09729
        3.54330         1.83574         3.28768

        4.72440        -0.00002         0.15468
        4.72440         0.06102         0.16147
        4.72440         0.13841         0.21946
        4.72440         0.18315         0.35195
        4.72440         0.19929         0.63343
        4.72440         0.23580         0.90250
        4.72440         0.32532         1.10952
        4.72440         0.48820         1.28760
        4.72440         0.72443         1.45746
        4.72440         1.10324         1.68948
        4.72440         1.43317         1.88837
        4.72440         1.70195         2.14102
        4.72440         1.85662         2.43087
        4.72440         1.91348         2.73720
        4.72440         1.91739         3.02282
        4.72440         1.88055         3.31668

        5.90550         0.00000         0.25901
        5.90550         0.08573         0.26900
        5.90550         0.16319         0.33932
        5.90550         0.18364         0.47176
        5.90550         0.24088         0.80287
        5.90550         0.35514         1.09669
        5.90550         0.51415         1.27044
        5.90550         0.69465         1.40999
        5.90550         0.98293         1.59716
        5.90550         1.23158         1.76257
        5.90550         1.50472         1.98593
        5.90550         1.70043         2.21347
        5.90550         1.82690         2.46589
        5.90550         1.89635         2.77629
        5.90550         1.90872         3.02877
        5.90550         1.88854         3.35579

        7.08660         0.00000         0.57121
        7.08660         0.06146         0.57946
        7.08660         0.13484         0.63322
        7.08660         0.15934         0.72427
        7.08660         0.21241         0.90637
        7.08660         0.27770         1.06776
        7.08660         0.41227         1.24566
        7.08660         0.57127         1.38630
        7.08660         0.79955         1.55587
        7.08660         1.07266         1.75025
        7.08660         1.39065         2.02739
        7.08660         1.66795         2.40803
        7.08660         1.76183         2.68117
        7.08660         1.80682         2.96675
        7.08660         1.82327         3.23165
        7.08660         1.81931         3.43034

        8.26770         0.00000         0.94374
        8.26770         0.06168         0.94785
        8.26770         0.12284         1.01404
        8.26770         0.15141         1.10095
        8.26770         0.26152         1.26231
        8.26770         0.41237         1.41537
        8.26770         0.62436         1.60151
        8.26770         0.88935         1.82073
        8.26770         1.08911         2.00688
        8.26770         1.28890         2.23441
        8.26770         1.47651         2.53233
        8.26770         1.61528         2.91719
        8.26770         1.65207         3.12827
        8.26770         1.68489         3.49665

        9.44880         0.00000         1.32456
        9.44880         0.04968         1.33281
        9.44880         0.11492         1.40728
        9.44880         0.23316         1.53552
        9.44880         0.42885         1.71339
        9.44880         0.69793         1.97400
        9.44880         0.92626         2.22636
        9.44880         1.12200         2.49943
        9.44880         1.27702         2.81806
        9.44880         1.37498         3.10360
        9.44880         1.46898         3.57128

       10.62990         0.00000         1.75504
       10.62990         0.15186         1.87085
       10.62990         0.36387         2.07768
       10.62990         0.51880         2.25144
       10.62990         0.71454         2.51209
       10.62990         0.91032         2.83897
       10.62990         1.03680         3.13278
       10.62990         1.10212         3.33143
       10.62990         1.18380         3.65010

       11.81100         0.00000         2.26416
       11.81100         0.20519         2.48343
       11.81100         0.36424         2.71927
       11.81100         0.55190         3.09169
       11.81100         0.68655         3.41447
       11.81100         0.80491         3.75381

       12.99210         0.00000         3.01751
       12.99210         0.09559         3.19544
       12.99210         0.18538         3.43133
       12.99210         0.25068         3.62583
       12.99210         0.33232         3.86172

EOF       
